# -1	: outside the room
# 0		: you can't walk here
# 1		: you can walk here
# 10-29	: door
# 30-39	: chest

R_GINETTE
image=/room/ginetteRoom.jpg
size=6x6
{ 0, 0, 0, 0, 0, 0}
{ 0, 1,30,31, 1, 1}
{ 1, 1, 1, 1, 1,10}
{11, 1, 1, 1, 1, 1}
{ 1, 1, 1, 0, 1, 1}
{ 1, 1, 0, 0, 1, 0}
CHEST:30;O_DIRECTOR_KEY
CHEST:31;O_TOOTH
END

R_PARK
image=/room/parc.jpg
size=29x21
{ 0, 0, 0, 0, 0, 0, 0, 0, 0, 0, 0, 0, 0, 0, 0, 0, 0, 0, 0, 0, 0, 0, 0, 0,-1,-1, 0, 0, 0}
{ 0, 0, 0, 0, 0, 0, 1, 0, 0, 0, 1, 0, 0, 0, 0, 0, 0, 0, 1, 1, 1, 1, 1, 0,10,11, 0, 1, 1}
{ 0, 0, 0, 0, 0, 0, 1, 1, 1, 1, 1, 0, 0, 0, 0, 0, 0, 0, 1, 1, 1, 1, 1, 0, 1, 1, 0, 1, 1}
{ 0, 1, 1, 1, 1, 1, 1, 1, 1, 1, 1, 1, 1, 1, 1, 1, 1, 1, 1, 0, 1, 1, 1, 1, 1, 1, 1, 1, 1}
{ 0, 1, 1, 1, 1, 1, 1, 1, 1, 1, 1, 1, 1, 1, 1, 1, 1, 1, 1, 0, 1, 1, 1, 1, 1, 1, 1, 1, 1}
{ 0, 1, 1, 1, 1, 1, 0, 1, 1, 1, 1, 0, 1, 1, 1, 1, 1, 1, 1, 1, 1, 1, 1, 1, 1, 1,30, 0, 0}
{ 0, 1, 1, 1, 1, 1, 1, 1, 1, 1, 1, 1, 1, 0, 1, 1, 1, 1, 1, 1, 1, 1, 0, 0, 1, 1,31, 0, 0}
{ 0, 1, 1, 1, 1, 1, 1, 1, 1, 1, 1, 1, 1, 0, 1, 1, 1, 1, 1, 1, 1, 1, 0, 0, 1, 1,32, 0, 0}
{ 0, 1, 1, 1, 1, 1, 1, 0, 0, 1, 1, 1, 1, 1, 1, 1, 1, 0, 1, 1, 1, 1, 1, 0, 1, 1,33, 0, 0}
{ 0, 1, 1, 1, 1, 1, 1,35,35, 1, 1, 1, 1, 0, 0, 1, 1, 1, 1, 1, 1, 1, 0, 1, 1, 1, 1, 1, 1}
{ 0, 1, 1, 1, 0, 0, 1, 1, 1, 1, 1, 1, 1, 0, 0, 1, 1, 1, 1, 1, 1, 1, 1, 1, 1, 1, 1, 1, 1}
{ 0, 1, 1, 1, 0, 0, 1, 1, 1, 1, 1, 1, 1, 1, 1, 1, 1, 1, 1, 1, 1, 1, 1, 1, 1, 0, 1, 1, 1}
{ 0, 1, 1, 1, 0, 1, 1, 1, 0, 0, 0, 1, 1, 1, 1, 1, 1, 1, 1, 1, 1, 1, 1, 1, 1, 0, 1, 1,12}
{ 0, 1, 1, 1, 1, 1, 1, 1, 0, 0, 0, 1, 1, 1, 1, 0, 1, 1, 1, 1, 1, 1,34, 1, 1, 1, 1, 1, 1}
{ 0, 1, 1, 1, 1, 1, 0, 1, 0, 0, 0, 1, 1, 1, 1, 1, 1, 1, 1, 1, 1, 1, 1, 1, 1, 1, 1, 1, 1}
{ 0, 1, 1, 1, 1, 1, 1, 1, 0, 0, 0, 1, 1, 1, 1, 1, 0, 0, 1, 1, 1, 1, 1, 1, 1, 1, 1, 1, 1}
{ 0, 1, 1, 1, 1, 1, 1, 1, 1, 1, 1, 1, 1, 1, 1, 1, 0, 0, 1, 1, 1, 1, 1, 1, 1, 1, 1, 1, 1}
{ 0, 1, 0, 0, 0, 1, 1, 1, 1, 1, 1, 1, 1, 1, 1, 1, 1, 1, 1, 1, 1, 1, 1, 1, 1, 1, 1, 1, 1}
{ 0, 1, 0, 0, 0, 1, 1, 1, 1, 1, 1, 1, 1, 1, 1, 1, 1, 1, 1, 1, 1, 1, 1, 1, 1, 1, 1, 1, 1}
{ 0, 0, 0, 0, 0, 0, 0, 0, 0, 0, 0, 0, 0, 0, 0, 0, 0, 0, 0, 0, 0, 0, 0, 0, 0, 0, 0, 0, 0}
{ 0, 0, 0, 0, 0, 0, 0, 0, 0, 0, 0, 0, 0, 0, 0, 0, 0, 0, 0, 0, 0, 0, 0, 0, 0, 0, 0, 0, 0}
CHEST:30;O_TOOTH
CHEST:31;O_TOOTH
CHEST:32;O_TOOTH
CHEST:33;O_TOOTH
CHEST:34;O_TOOTH
CHEST:35;O_DIRECTOR_KEY
END

R_COMMUNAL_ROOM
image=/room/salleCommune.jpg
size=29x15
{ 0, 0, 0, 0, 0, 0, 0, 0, 0, 0, 0, 0, 0, 0, 0, 0,-1,-1, 0, 0, 0, 0, 0,32, 0, 0, 0, 0, 0}
{ 1, 0, 1, 1, 1,30,30,30, 1, 1, 1, 0, 1, 1, 1, 1,10,11, 1, 1,31, 1, 1, 1, 1, 1, 1, 1, 0}
{ 1, 1, 1, 1, 1, 1, 1, 1, 1, 1, 1, 1, 1, 1, 1, 1, 1, 1, 1, 1, 1, 1, 1, 1, 1, 0, 1, 1, 1}
{ 1, 1, 1, 1, 1, 1, 1, 1, 1, 1, 1, 1, 1, 1, 1, 1, 1, 1, 1, 1, 1, 1, 1, 0, 1, 1, 1, 1, 1}
{ 1, 1, 1, 1, 1, 1, 1, 1, 1, 1, 1, 0, 1, 1, 1, 1, 1, 1, 1, 1, 1, 1, 1, 1, 1, 0, 1, 1, 0}
{ 1, 1, 1, 1, 1, 1, 1, 1, 1, 1, 0, 0, 0, 1, 1, 1, 1, 1, 1, 1, 1, 1, 1, 0, 1, 1, 1, 1, 1}
{ 1, 1, 1, 1, 1, 1, 1, 1, 1, 0, 0, 0, 0, 0, 1, 1, 1, 1, 1, 1, 1, 1, 1, 1, 1, 0, 1, 1, 1}
{14, 1, 1, 1, 1, 1, 1, 1, 1, 1, 0, 0, 0, 1, 1, 1, 1, 1, 1, 1, 1, 1, 1, 1, 1, 1, 1, 1, 1}
{ 1, 1, 1, 1, 1, 1, 1, 1, 1, 1, 1, 1, 1, 1, 1, 1, 1, 1, 0, 1, 1, 1, 1, 1, 1, 1, 1, 1, 1}
{ 1, 1, 1, 1, 0, 1, 1, 1, 1, 1, 1, 1, 1, 1, 1, 1, 1, 0, 0, 0, 1, 1, 1, 1, 1, 1, 1, 1, 1}
{ 1, 1, 1, 0, 0, 0, 1, 1, 1, 1, 1, 1, 1, 1, 1, 1, 0, 0, 0, 0, 0, 1, 1, 1, 1, 1, 1, 1, 1}
{ 1, 1, 0, 0, 0, 0, 0, 1, 1, 1, 1, 1, 1, 1, 1, 1, 1, 0, 0, 0, 1, 1, 1, 1, 1, 1, 1, 1, 1}
{ 1, 1, 1, 0, 0, 0, 1, 1, 1, 1, 1, 1, 1, 1, 1, 1, 1, 1, 1, 1, 1, 1, 1, 1, 1, 1, 1, 1, 1}
{ 1, 1, 1, 1, 1, 1, 1, 1, 1, 1, 1, 1, 1, 1, 1, 1, 1, 1, 1, 1, 1, 1, 1, 1, 1, 1, 1, 1, 0}
{ 1, 1, 1, 1, 1, 1, 1,13,12, 1, 0, 0, 0, 1, 1, 1, 1, 1, 1, 1, 1, 1, 1, 1, 1, 1, 1, 1,33}
CHEST:30;O_TOOTH
CHEST:31;O_TOOTH
CHEST:32;O_WHEEL_CHAIR
CHEST:33;O_TOOTH
END

R_CORIDOR
image=/room/couloir1.jpg
size=12x7
{ 1, 1,11, 1,12, 1, 1,13, 1,14,22, 1}
{10, 1, 1, 1, 1, 1, 1, 1, 1, 1, 1, 1}
{21, 1, 1, 1, 1, 1, 1, 1, 1, 1, 1, 1}
{ 1, 1,20,19, 1, 1,18,17, 1, 1, 1, 1}
{-1,-1,-1,-1,-1,-1,-1,-1, 0, 1, 1, 1}
{-1,-1,-1,-1,-1,-1,-1,-1,-1,16, 1,15}
{-1,-1,-1,-1,-1,-1,-1,-1, 0, 1, 1, 1}
END

R_ADMIN
image=/room/admine.jpg
size=15x15
{ 0, 0, 0, 0, 0, 0, 0, 0, 0, 0, 0, 0, 0, 0, 0}
{ 1, 1, 1, 0, 0, 1, 1, 1, 1, 1, 0, 0, 1, 1, 1}
{ 1, 1, 1, 0, 0, 1, 1, 1, 1, 1, 0, 0, 1, 1, 1}
{ 1, 1, 1, 1, 1, 1, 1, 1, 1, 1, 1, 1, 1, 1,10}
{ 1, 1, 1, 1, 1, 1, 1, 1, 1, 1, 1, 1, 1, 1, 1}
{ 0, 1, 1, 1, 1, 1, 1, 0, 1, 1, 1, 1, 1, 1, 1}
{ 0, 1, 1, 1, 1, 1, 0, 0, 1, 1, 1, 1, 1, 1, 1}
{ 1, 1, 1, 1, 1, 1, 1, 0, 1, 1, 1, 1, 1, 1, 1}
{ 1, 1, 1, 1, 1, 1, 1, 1, 1, 1, 1, 1, 1, 1, 0}
{ 1, 1, 1, 0, 1, 1, 1, 1, 1, 1, 1, 0, 1, 1, 0}
{ 1, 1, 0, 0, 1, 1, 1, 1, 1, 1, 0, 0, 1, 1, 1}
{ 1, 1, 1, 0, 1, 1, 1, 1, 1, 1, 1, 0, 1, 1, 1}
{ 1, 1, 1, 1, 1, 1, 1, 1, 1, 1, 1, 1, 1, 1, 1}
{ 1, 1, 1, 1, 1, 1, 1, 1, 1, 1, 1, 1, 1, 1, 1}
{ 1, 1, 1, 1, 1, 1, 1,11, 1, 1, 1, 1, 1, 1, 1}
locked_doors=10
END

R_DIRECTOR_OFFICE
image=/room/bDD.jpg
size=9x8
{ 0, 0, 0, 0, 0, 0, 0, 0, 0}
{ 1, 1, 0, 0, 0, 0, 1, 1, 1}
{ 1, 1, 1, 1, 1, 1, 1, 1, 1}
{10, 1, 1, 1, 0, 1, 0, 0, 1}
{ 1, 1, 1, 1, 1, 1, 0, 0, 1}
{ 1, 1, 1, 1, 0, 1, 0, 0, 1}
{ 1, 1, 1, 1, 1, 1, 1, 1, 1}
{ 1, 1, 1, 0, 0, 0, 1, 1, 1}
END

R_HOUSS
image=/room/houssRoom.jpg
size=7x6
{ 0, 0, 0, 0, 0, 0, 0}
{ 0, 1, 0, 1, 1, 1, 0}
{ 1, 1, 1, 1, 1, 1, 1}
{10, 1, 1, 1, 1, 1, 1}
{ 1, 1, 1, 0, 1, 1, 1}
{ 1, 1, 0, 0, 1, 0, 1}
END

R_NURSERY
image=/room/infirmerie.jpg
size=12x11
{ 0, 0, 0, 0, 0, 0, 0, 0, 0, 0, 0, 0}
{ 0, 0, 0, 1, 1, 0, 0, 0, 1, 0, 0, 1}
{ 1, 1, 1, 1, 1, 1, 0, 1, 1, 1, 1, 1}
{ 0, 0, 1, 1, 1, 1, 1, 1, 1, 1, 1, 0}
{ 0, 0, 1, 1, 0, 0, 1, 1, 1, 1, 1, 0}
{ 0, 0, 1, 1, 0, 0, 1, 1, 1, 1, 1, 0}
{ 1, 1, 1, 1, 0, 0, 1, 1, 1, 1, 1, 1}
{ 1, 1, 1, 1, 0, 0, 1, 1, 1, 1, 1, 1}
{ 0, 1, 1, 1, 0, 0, 1, 1, 1, 1, 1, 1}
{ 0, 1, 1, 1, 1, 1, 1, 1, 1, 1, 1, 1}
{ 1, 1, 1, 1, 1, 1, 1,11,10, 1, 1, 1}
END

R_STOREROOM
image=/room/reserve.jpg
size=12x12
{ 0, 0, 0, 0, 0, 0, 0, 0, 0, 0, 0, 0}
{ 0, 0, 0, 0, 0, 0, 0, 0, 0, 0, 0, 0}
{10, 1, 1, 1, 1, 1, 1, 1, 1, 1, 1, 1}
{ 1, 1, 1, 1, 1, 1, 1, 1, 1, 1, 1, 1}
{ 0, 0, 0, 0, 1, 1, 0, 0, 0, 0, 0, 0}
{ 0, 0, 0, 0, 1, 1, 0, 0, 0, 0, 0, 0}
{ 1, 1, 1, 1, 1, 1, 1, 1, 1, 1, 1, 1}
{ 1, 1, 1, 1, 1, 1, 1, 1, 1, 1, 1, 1}
{ 1, 1, 0, 1, 1, 1, 0, 0, 0, 0, 0, 0}
{ 1, 0, 0, 1, 1, 1, 0, 0, 0, 0, 0, 0}
{ 1, 1, 0, 1, 1, 1, 1, 1, 1, 1, 1, 1}
{ 1, 1, 0, 1,11, 1, 1, 1, 1, 1, 1, 1}
END

R_BASEMENT
image=/room/sSR.jpg
size=12x12
{ 0, 0, 0, 0, 0, 0, 0, 0, 0, 0, 0, 0}
{ 0, 0, 0, 0, 0, 0, 0, 0, 0, 0, 0, 0}
{10, 1, 1, 1, 1, 1, 1, 1, 1, 1, 1, 1}
{ 0, 0, 0, 0, 0, 0, 0, 0, 0, 0, 1, 1}
{ 0, 0, 0, 0, 0, 0, 0, 0, 0, 0, 1, 1}
{ 1, 1, 1, 1, 1, 1, 1, 1, 1, 1, 1, 1}
{ 1, 1, 0, 0, 0, 0, 0, 0, 0, 0, 0, 0}
{ 1, 1, 0, 0, 0, 0, 0, 0, 0, 0, 0, 0}
{ 1, 1, 1, 1, 1, 1, 1, 1, 1, 1, 1, 1}
{ 0, 0, 0, 0, 0, 0, 0, 0, 0, 0, 1, 1}
{ 0, 0, 0, 0, 0, 0, 0, 0, 0, 0, 1, 1}
{ 1, 1, 1, 1, 1, 1, 1, 1, 1, 1, 1, 1}
END

R_REFECTORY
image=/room/refectoire.jpg
size=17x15
{ 0, 0, 0, 0, 0, 0, 0, 0, 0, 0, 0, 0, 0, 0, 0, 0, 0}
{ 1, 0, 1, 1, 1, 1, 1, 1, 1, 1, 1, 1, 0, 1, 1, 1, 1}
{ 1, 1, 1, 1, 0, 1, 0, 1, 1, 1, 1, 1, 1, 1, 1, 1, 1}
{ 1, 1, 1, 0, 0, 0, 0, 0, 1, 1, 1, 1, 1, 1, 1, 1, 1}
{ 1, 1, 0, 0, 0, 0, 0, 0, 0, 1, 1, 1, 1, 1, 1, 1, 1}
{ 1, 1, 1, 0, 0, 0, 0, 0, 1, 1, 1, 1, 1, 1, 1, 1, 1}
{ 1, 1, 1, 1, 1, 1, 1, 1, 1, 1, 1, 1, 1, 1, 1, 1, 1}
{11, 1, 1, 1, 1, 1, 1, 1, 1, 1, 1, 1, 1, 1, 1, 1,12}
{10, 1, 1, 1, 1, 1, 1, 1, 1, 1, 1, 1, 1, 1, 1, 1, 1}
{ 1, 1, 1, 1, 1, 1, 1, 1, 1, 1, 0, 1, 0, 1, 1, 1, 1}
{ 1, 1, 1, 1, 1, 1, 1, 1, 1, 0, 0, 0, 0, 0, 1, 1, 1}
{ 1, 1, 1, 1, 1, 1, 1, 1, 0, 0, 0, 0, 0, 0, 0, 1, 1}
{ 1, 1, 1, 1, 1, 1, 1, 1, 1, 0, 0, 0, 0, 0, 1, 1, 1}
{ 1, 1, 1, 1, 1, 1, 1, 1, 0, 1, 1, 1, 1, 1, 1, 1, 1}
{ 1, 1, 1, 1, 0, 1, 1, 1, 0, 1, 1, 1, 1, 1, 1, 1, 1}
END

R_KITCHEN
image=/room/cuisine.jpg
size=10x10
{ 0, 0, 0, 0, 0, 0, 0, 0, 0, 0}
{ 1, 0, 0, 0, 1, 0, 0, 0, 0, 1}
{ 1, 1, 1, 1, 1, 1, 1, 1, 1, 0}
{ 1, 1, 1, 1, 1, 1, 1, 1, 1, 0}
{ 0, 1, 1, 1, 0, 0, 1, 1, 1, 0}
{ 0, 1, 1, 1, 0, 0, 1, 1, 1,10}
{ 0, 1, 1, 1, 0, 0, 1, 1, 1,11}
{ 1, 1, 1, 1, 0, 0, 1, 1, 1, 1}
{ 1, 1, 1, 1, 1, 1, 1, 1, 1, 1}
{ 1, 1, 0, 0, 0, 0, 0, 0, 0, 1}
END

R_RECEPTION
image=/room/accueil.jpg
size=14x10
{ 0, 0, 0, 0, 0, 0,-1,-1, 0, 0, 0, 0, 0, 0}
{ 0, 1, 1, 1, 1, 1,10,11, 1, 1, 1, 1, 1, 0}
{ 1, 1, 1, 1, 1, 1, 1, 1, 1, 1, 1, 1, 1, 1}
{ 1, 1, 1, 1, 1, 1, 1, 1, 1, 1, 1, 1, 1, 1}
{ 0, 1, 1, 1, 1, 1, 1, 1, 1, 1, 1, 1, 1, 0}
{ 0, 1, 1, 1, 1, 1, 1, 1, 1, 1, 1, 1, 1, 0}
{ 1, 1, 1, 1, 1, 1, 0, 1, 1, 1, 1, 1, 1, 1}
{ 1, 1, 1, 1, 0, 0, 0, 0, 0, 0, 1, 1, 1, 1}
{ 0, 1, 1, 1, 1, 0, 1, 1, 0, 1, 1, 1, 1, 0}
{ 0, 1, 1, 1, 1, 1, 1, 1, 1, 1, 1, 1, 1, 0}
END

R_HALL
image=/room/hall.jpg
size=10x11
{ 0, 0, 0, 0, 0, 0, 0, 0, 0, 0}
{ 0, 1, 0, 1, 1, 1, 1, 0, 1, 0}
{ 0, 1, 0, 0, 0, 0, 0, 0, 1, 0}
{ 0, 1, 1, 1, 1, 1, 1, 1, 1, 0}
{ 1, 1, 1, 1, 1, 1, 1, 1, 1, 1}
{11, 1, 1, 1, 1, 1, 1, 1, 1,12}
{10, 1, 1, 1, 1, 1, 1, 1, 1,13}
{ 1, 1, 1, 1, 1, 1, 1, 1, 1, 1}
{ 0, 1, 1, 1, 1, 1, 1, 1, 1, 0}
{ 0, 1, 1, 0, 1, 1, 0, 1, 1, 0}
{ 0, 1, 1, 0, 1, 1, 0, 1, 1, 0}
END

R_LOUNGE
image=/room/repos.jpg
size=12x12
{ 0, 0, 0, 0, 0, 0, 0, 0, 0, 0, 0, 0}
{ 1, 1, 1, 1, 1, 1, 1, 0, 1, 1, 1, 0}
{ 1, 1, 1, 1, 1, 1, 1, 1, 1, 1, 1, 1}
{ 1, 0, 0, 1, 1, 1, 0, 0, 0, 1, 1, 1}
{ 1, 0, 0, 1, 1, 1, 1, 1, 1, 1, 1, 1}
{ 1, 0, 0, 1, 1, 1, 1, 1, 1, 0, 1, 0}
{ 1, 1, 1, 1, 1, 1, 1, 1, 1, 0, 1, 0}
{ 1, 1, 1, 1, 0, 0, 0, 1, 1, 1, 1, 1}
{ 1, 1, 1, 0, 0, 0, 0, 0, 1, 1, 1, 1}
{ 1, 1, 1, 1, 1, 1, 1, 1, 1, 1, 1, 1}
{ 1, 1, 1, 1, 1, 1, 1, 1, 1, 1, 1, 1}
{ 1, 1, 1, 1,10, 1, 1, 1, 1, 1, 1, 1}
END

NEIGHBOR:R_GINETTE;11;R_PARK;12

NEIGHBOR:R_COMMUNAL_ROOM;12;R_PARK;11
NEIGHBOR:R_COMMUNAL_ROOM;13;R_PARK;10
NEIGHBOR:R_COMMUNAL_ROOM;14;R_REFECTORY;12

NEIGHBOR:R_REFECTORY;10;R_KITCHEN;11
NEIGHBOR:R_REFECTORY;11;R_KITCHEN;10

NEIGHBOR:R_CORIDOR;10;R_HALL;12
NEIGHBOR:R_CORIDOR;21;R_HALL;13
NEIGHBOR:R_CORIDOR;11;R_ADMIN;11
NEIGHBOR:R_CORIDOR;12;R_LOUNGE;10
NEIGHBOR:R_CORIDOR;13;R_STOREROOM;11
NEIGHBOR:R_CORIDOR;22;R_NURSERY;10
NEIGHBOR:R_CORIDOR;14;R_NURSERY;11
NEIGHBOR:R_CORIDOR;15;R_HOUSS;10
NEIGHBOR:R_CORIDOR;16;R_GINETTE;10
NEIGHBOR:R_CORIDOR;17;R_COMMUNAL_ROOM;11
NEIGHBOR:R_CORIDOR;18;R_COMMUNAL_ROOM;10
NEIGHBOR:R_CORIDOR;19;R_RECEPTION;11
NEIGHBOR:R_CORIDOR;20;R_RECEPTION;10

NEIGHBOR:R_DIRECTOR_OFFICE;10;R_ADMIN;10

NEIGHBOR:R_STOREROOM;10;R_BASEMENT;10

START_ROOM:R_GINETTE
